Chr	TagLocusStartPos	TagLocusStrand	SNPPosition	Alleles	nTagsAtLocus	nReads	nTaxa	nTaxaCovered	nInbreds	nInbredsCovered	nInbreds1Read	nInbreds1ReadMaj	nInbreds1ReadMin	nInbredsGT1Read	nInbredsGT1ReadHomoMaj	nInbredsGT1ReadHomoMin	nInbredHets	inbredCoverage	inbredHetScore	nOutbreds	nOutbredsCovered	nOutbreds1Read	nOutbreds1ReadMaj	nOutbreds1ReadMin	nOutbredsGT1Read	nOutbredsGT1ReadHomoMaj	nOutbredsGT1ReadHomoMin	nOutbredHets	passed?
1	303649	-1	303621	C/A	3	26	152	22	152	22	19	18	1	3	2	0	1	0.14473684210526316	0.6666666666666666	0	0	0	0	0	0	0	0	0	0
1	303649	-1	303617	G/T	3	26	152	22	152	22	19	19	0	3	2	0	1	0.14473684210526316	0.6666666666666666	0	0	0	0	0	0	0	0	0	0
1	303649	-1	303609	C/T	3	26	152	22	152	22	19	18	1	3	2	0	1	0.14473684210526316	0.6666666666666666	0	0	0	0	0	0	0	0	0	0
1	351597	-1	351585	C/A	4	19	152	17	152	17	15	15	0	2	1	0	1	0.1118421052631579	0.6666666666666666	0	0	0	0	0	0	0	0	0	0
1	351597	-1	351577	G/T	4	19	152	17	152	17	15	14	1	2	2	0	0	0.1118421052631579	0.0	0	0	0	0	0	0	0	0	0	0
1	351597	-1	351545	C/G	4	19	152	17	152	17	15	15	0	2	1	0	1	0.1118421052631579	0.6666666666666666	0	0	0	0	0	0	0	0	0	0
1	351597	-1	351538	C/G	4	19	152	17	152	17	15	15	0	2	1	0	1	0.1118421052631579	0.6666666666666666	0	0	0	0	0	0	0	0	0	0
1	351597	-1	351537	T/C	4	19	152	17	152	17	15	15	0	2	1	0	1	0.1118421052631579	0.6666666666666666	0	0	0	0	0	0	0	0	0	0
1	351597	-1	351536	C/G	4	19	152	17	152	17	15	14	1	2	2	0	0	0.1118421052631579	0.0	0	0	0	0	0	0	0	0	0	0
1	716921	-1	716898	A/G	2	29	152	25	152	25	21	20	1	4	4	0	0	0.16447368421052633	0.0	0	0	0	0	0	0	0	0	0	1
1	2859965	1	2859972	C/G	9	16	152	15	152	15	14	13	1	1	1	0	0	0.09868421052631579	0.0	0	0	0	0	0	0	0	0	0	0
1	2859965	1	2859975	C/T	9	16	152	15	152	15	14	11	3	1	1	0	0	0.09868421052631579	0.0	0	0	0	0	0	0	0	0	0	0
1	2859965	1	2859980	C/T	9	16	152	15	152	15	14	13	1	1	0	0	1	0.09868421052631579	0.6666666666666666	0	0	0	0	0	0	0	0	0	0
1	2859965	1	2859981	G/A	9	16	152	15	152	15	14	14	0	1	0	0	1	0.09868421052631579	0.6666666666666666	0	0	0	0	0	0	0	0	0	0
1	2859965	1	2859982	G/A	9	16	152	15	152	15	14	13	1	1	1	0	0	0.09868421052631579	0.0	0	0	0	0	0	0	0	0	0	0
1	2859965	1	2859990	C/T	9	16	152	15	152	15	14	13	1	1	1	0	0	0.09868421052631579	0.0	0	0	0	0	0	0	0	0	0	0
1	2859965	1	2859994	C/A	9	16	152	15	152	15	14	14	0	1	0	0	1	0.09868421052631579	0.6666666666666666	0	0	0	0	0	0	0	0	0	0
1	2859965	1	2860007	G/T	9	16	152	15	152	15	14	13	1	1	1	0	0	0.09868421052631579	0.0	0	0	0	0	0	0	0	0	0	0
1	2859965	1	2860025	T/A	9	16	152	15	152	15	14	13	1	1	1	0	0	0.09868421052631579	0.0	0	0	0	0	0	0	0	0	0	0
1	4292043	-1	4291998	C/T	2	18	152	16	152	16	15	13	2	1	1	0	0	0.10526315789473684	0.0	0	0	0	0	0	0	0	0	0	0
1	4813746	1	4813784	G/A	3	17	152	16	152	16	15	14	1	1	1	0	0	0.10526315789473684	0.0	0	0	0	0	0	0	0	0	0	0
1	4813746	1	4813802	C/A	3	17	152	16	152	16	15	13	2	1	1	0	0	0.10526315789473684	0.0	0	0	0	0	0	0	0	0	0	0
1	15122192	1	15122197	G/A	6	24	152	23	152	23	22	21	1	1	1	0	0	0.1513157894736842	0.0	0	0	0	0	0	0	0	0	0	1
1	15122192	1	15122222	A/G	6	24	152	23	152	23	22	16	6	1	1	0	0	0.1513157894736842	0.0	0	0	0	0	0	0	0	0	0	1
1	15122192	1	15122226	G/T	6	24	152	23	152	23	22	21	1	1	1	0	0	0.1513157894736842	0.0	0	0	0	0	0	0	0	0	0	1
1	15122192	1	15122247	C/A	6	24	152	23	152	23	22	20	2	1	1	0	0	0.1513157894736842	0.0	0	0	0	0	0	0	0	0	0	1
1	15122192	1	15122254	T/A	6	24	152	23	152	23	22	18	4	1	1	0	0	0.1513157894736842	0.0	0	0	0	0	0	0	0	0	0	1
1	15122192	1	15122255	C/T	6	24	152	23	152	23	22	20	2	1	1	0	0	0.1513157894736842	0.0	0	0	0	0	0	0	0	0	0	1
1	26581448	-1	26581421	T/A	3	22	152	19	152	19	16	7	9	3	2	1	0	0.125	0.0	0	0	0	0	0	0	0	0	0	0
1	26581448	-1	26581408	C/T	3	22	152	19	152	19	16	16	0	3	2	0	1	0.125	0.6666666666666666	0	0	0	0	0	0	0	0	0	0
1	36941359	1	36941397	C/A	2	25	152	20	152	20	16	16	0	4	3	0	1	0.13157894736842105	0.6666666666666666	0	0	0	0	0	0	0	0	0	0
1	36941362	-1	36941354	C/T	8	75	152	44	152	44	29	29	0	15	14	0	1	0.2894736842105263	0.6666666666666666	0	0	0	0	0	0	0	0	0	0
1	36941362	-1	36941352	A/G	8	75	152	44	152	44	29	28	1	15	15	0	0	0.2894736842105263	0.0	0	0	0	0	0	0	0	0	0	1
1	36941362	-1	36941338	A/T	8	75	152	44	152	44	29	29	0	15	14	0	1	0.2894736842105263	0.6666666666666666	0	0	0	0	0	0	0	0	0	0
1	36941362	-1	36941332	A/G	8	75	152	44	152	44	29	28	1	15	15	0	0	0.2894736842105263	0.0	0	0	0	0	0	0	0	0	0	1
1	36941362	-1	36941329	A/C	8	75	152	44	152	44	29	29	0	15	14	0	1	0.2894736842105263	0.6666666666666666	0	0	0	0	0	0	0	0	0	0
1	36941362	-1	36941326	C/G	8	75	152	44	152	44	29	28	1	15	15	0	0	0.2894736842105263	0.0	0	0	0	0	0	0	0	0	0	1
1	36941362	-1	36941317	A/T	8	75	152	44	152	44	29	29	0	15	14	0	1	0.2894736842105263	0.6666666666666666	0	0	0	0	0	0	0	0	0	0
1	36941362	-1	36941316	G/T	8	75	152	44	152	44	29	29	0	15	14	0	1	0.2894736842105263	0.6666666666666666	0	0	0	0	0	0	0	0	0	0
1	36941362	-1	36941299	A/T	8	75	152	44	152	44	29	29	0	15	14	0	1	0.2894736842105263	0.6666666666666666	0	0	0	0	0	0	0	0	0	0
1	118868446	1	118868453	C/T	28	118	152	63	152	63	38	37	1	25	25	0	0	0.4144736842105263	0.0	0	0	0	0	0	0	0	0	0	1
1	118868446	1	118868459	C/T	28	118	152	63	152	63	39	38	1	24	21	0	3	0.4144736842105263	0.8571428571428571	0	0	0	0	0	0	0	0	0	0
1	118868446	1	118868461	G/A	28	118	152	63	152	62	37	37	0	25	24	0	1	0.40789473684210525	0.6666666666666666	0	0	0	0	0	0	0	0	0	0
1	118868446	1	118868464	T/A	28	118	152	63	152	63	38	32	6	25	22	0	3	0.4144736842105263	0.8571428571428571	0	0	0	0	0	0	0	0	0	0
1	118868446	1	118868467	G/A	28	118	152	63	152	62	37	37	0	25	24	0	1	0.40789473684210525	0.6666666666666666	0	0	0	0	0	0	0	0	0	0
1	118868446	1	118868468	C/T	28	118	152	63	152	63	38	38	0	25	23	0	2	0.4144736842105263	0.8	0	0	0	0	0	0	0	0	0	0
1	118868446	1	118868469	G/A	28	118	152	63	152	63	38	37	1	25	24	0	1	0.4144736842105263	0.6666666666666666	0	0	0	0	0	0	0	0	0	0
1	118868446	1	118868474	C/A	28	118	152	63	152	63	38	37	1	25	25	0	0	0.4144736842105263	0.0	0	0	0	0	0	0	0	0	0	1
1	118868446	1	118868475	T/G	28	118	152	63	152	63	38	34	4	25	22	0	3	0.4144736842105263	0.8571428571428571	0	0	0	0	0	0	0	0	0	0
1	118868446	1	118868485	C/T	28	118	152	63	152	63	38	36	2	25	20	0	5	0.4144736842105263	0.9090909090909091	0	0	0	0	0	0	0	0	0	0
1	118868446	1	118868486	G/A	28	118	152	63	152	62	37	37	0	25	24	0	1	0.40789473684210525	0.6666666666666666	0	0	0	0	0	0	0	0	0	0
1	118868446	1	118868491	T/C	28	118	152	63	152	62	37	36	1	25	25	0	0	0.40789473684210525	0.0	0	0	0	0	0	0	0	0	0	1
1	118868446	1	118868492	C/G	28	118	152	63	152	63	38	37	1	25	25	0	0	0.4144736842105263	0.0	0	0	0	0	0	0	0	0	0	1
1	118868446	1	118868496	T/C	28	118	152	63	152	63	38	32	6	25	22	0	3	0.4144736842105263	0.8571428571428571	0	0	0	0	0	0	0	0	0	0
1	118868446	1	118868498	G/A	28	118	152	63	152	63	38	37	1	25	25	0	0	0.4144736842105263	0.0	0	0	0	0	0	0	0	0	0	1
1	118868446	1	118868502	C/T	28	118	152	63	152	63	38	36	2	25	24	0	1	0.4144736842105263	0.6666666666666666	0	0	0	0	0	0	0	0	0	0
1	118868446	1	118868508	C/T	28	118	152	63	152	62	37	36	1	25	21	0	4	0.40789473684210525	0.8888888888888888	0	0	0	0	0	0	0	0	0	0
1	118868449	-1	118868440	G/C	9	26	152	19	152	19	16	15	1	3	3	0	0	0.125	0.0	0	0	0	0	0	0	0	0	0	0
1	118868449	-1	118868437	A/G	9	26	152	19	152	19	16	15	1	3	0	0	3	0.125	0.8571428571428571	0	0	0	0	0	0	0	0	0	0
1	118868449	-1	118868435	T/G	9	26	152	19	152	19	16	15	1	3	3	0	0	0.125	0.0	0	0	0	0	0	0	0	0	0	0
1	118868449	-1	118868429	G/A	9	26	152	19	152	19	16	15	1	3	1	0	2	0.125	0.8	0	0	0	0	0	0	0	0	0	0
1	118868449	-1	118868426	G/A	9	26	152	19	152	19	16	15	1	3	3	0	0	0.125	0.0	0	0	0	0	0	0	0	0	0	0
1	118868449	-1	118868422	G/A	9	26	152	19	152	19	16	15	1	3	3	0	0	0.125	0.0	0	0	0	0	0	0	0	0	0	0
1	118868449	-1	118868413	A/T	9	26	152	19	152	19	16	15	1	3	3	0	0	0.125	0.0	0	0	0	0	0	0	0	0	0	0
1	118868449	-1	118868401	G/A	9	26	152	19	152	19	16	15	1	3	2	0	1	0.125	0.6666666666666666	0	0	0	0	0	0	0	0	0	0
1	118868449	-1	118868400	C/T	9	26	152	19	152	19	16	15	1	3	2	0	1	0.125	0.6666666666666666	0	0	0	0	0	0	0	0	0	0
1	118868449	-1	118868397	A/T	9	26	152	19	152	19	16	15	1	3	3	0	0	0.125	0.0	0	0	0	0	0	0	0	0	0	0
1	138099950	-1	138099944	G/C	6	18	152	15	152	15	12	12	0	3	2	0	1	0.09868421052631579	0.6666666666666666	0	0	0	0	0	0	0	0	0	0
1	138099950	-1	138099941	C/-	6	18	152	15	152	15	12	8	4	3	3	0	0	0.09868421052631579	0.0	0	0	0	0	0	0	0	0	0	0
1	138099950	-1	138099940	A/-	6	18	152	15	152	15	12	8	4	3	3	0	0	0.09868421052631579	0.0	0	0	0	0	0	0	0	0	0	0
1	138099950	-1	138099912	G/T	6	18	152	15	152	15	12	11	1	3	3	0	0	0.09868421052631579	0.0	0	0	0	0	0	0	0	0	0	0
1	138099950	-1	138099899	G/T	6	18	152	15	152	15	12	11	1	3	3	0	0	0.09868421052631579	0.0	0	0	0	0	0	0	0	0	0	0
1	138099950	-1	138099897	T/C	6	18	152	15	152	15	12	11	1	3	2	0	1	0.09868421052631579	0.6666666666666666	0	0	0	0	0	0	0	0	0	0
1	140285975	-1	140285959	G/A	2	18	152	16	152	16	14	13	1	2	2	0	0	0.10526315789473684	0.0	0	0	0	0	0	0	0	0	0	0
1	314595402	-1	314595381	C/T	11	41	152	33	152	33	26	22	4	7	7	0	0	0.21710526315789475	0.0	0	0	0	0	0	0	0	0	0	1
1	314595402	-1	314595379	G/C	11	41	152	33	152	33	26	25	1	7	6	0	1	0.21710526315789475	0.6666666666666666	0	0	0	0	0	0	0	0	0	0
1	314595402	-1	314595378	C/T	11	41	152	33	152	33	26	25	1	7	7	0	0	0.21710526315789475	0.0	0	0	0	0	0	0	0	0	0	1
1	314595402	-1	314595374	G/A	11	41	152	33	152	33	26	24	2	7	6	0	1	0.21710526315789475	0.6666666666666666	0	0	0	0	0	0	0	0	0	0
1	314595402	-1	314595373	C/T	11	41	152	33	152	33	26	24	2	7	5	0	2	0.21710526315789475	0.8	0	0	0	0	0	0	0	0	0	0
1	314595402	-1	314595362	G/A	11	41	152	33	152	32	25	21	4	7	4	0	3	0.21052631578947367	0.8571428571428571	0	0	0	0	0	0	0	0	0	0
1	314595402	-1	314595361	C/-	11	41	152	33	152	33	26	25	1	7	7	0	0	0.21710526315789475	0.0	0	0	0	0	0	0	0	0	0	1
1	314595402	-1	314595360	T/-	11	41	152	33	152	33	26	25	1	7	7	0	0	0.21710526315789475	0.0	0	0	0	0	0	0	0	0	0	1
1	314595402	-1	314595359	G/A	11	41	152	33	152	32	25	24	1	7	5	0	2	0.21052631578947367	0.8	0	0	0	0	0	0	0	0	0	0
1	314595402	-1	314595355	C/T	11	41	152	33	152	33	26	26	0	7	6	0	1	0.21710526315789475	0.6666666666666666	0	0	0	0	0	0	0	0	0	0
1	314595402	-1	314595348	T/A	11	41	152	33	152	33	26	24	2	7	6	0	1	0.21710526315789475	0.6666666666666666	0	0	0	0	0	0	0	0	0	0
1	314595402	-1	314595339	G/-	11	41	152	33	152	33	26	24	2	7	7	0	0	0.21710526315789475	0.0	0	0	0	0	0	0	0	0	0	1
1	328543329	1	328543356	T/G	2	18	152	16	152	16	14	10	4	2	2	0	0	0.10526315789473684	0.0	0	0	0	0	0	0	0	0	0	0
1	340822296	-1	340822235	C/A	2	17	152	15	152	15	13	12	1	2	2	0	0	0.09868421052631579	0.0	0	0	0	0	0	0	0	0	0	0
1	427838674	-1	427838666	G/T	7	16	152	16	152	16	16	15	1	0	0	0	0	0.10526315789473684	0.0	0	0	0	0	0	0	0	0	0	0
1	427838674	-1	427838661	A/G	7	16	152	16	152	16	16	14	2	0	0	0	0	0.10526315789473684	0.0	0	0	0	0	0	0	0	0	0	0
1	427838674	-1	427838647	T/C	7	16	152	16	152	16	16	15	1	0	0	0	0	0.10526315789473684	0.0	0	0	0	0	0	0	0	0	0	0
1	427838674	-1	427838630	A/T	7	16	152	16	152	16	16	15	1	0	0	0	0	0.10526315789473684	0.0	0	0	0	0	0	0	0	0	0	0
1	427838674	-1	427838623	T/A	7	16	152	16	152	16	16	11	5	0	0	0	0	0.10526315789473684	0.0	0	0	0	0	0	0	0	0	0	0
1	427838674	-1	427838615	C/G	7	16	152	16	152	16	16	15	1	0	0	0	0	0.10526315789473684	0.0	0	0	0	0	0	0	0	0	0	0
1	614686498	1	614686504	C/T	9	17	152	16	152	15	14	9	5	1	0	0	1	0.09868421052631579	0.6666666666666666	0	0	0	0	0	0	0	0	0	0
1	614686498	1	614686508	G/A	9	17	152	16	152	16	15	13	2	1	1	0	0	0.10526315789473684	0.0	0	0	0	0	0	0	0	0	0	0
1	614686498	1	614686525	G/C	9	17	152	16	152	16	15	14	1	1	1	0	0	0.10526315789473684	0.0	0	0	0	0	0	0	0	0	0	0
1	614686498	1	614686534	A/G	9	17	152	16	152	16	15	11	4	1	1	0	0	0.10526315789473684	0.0	0	0	0	0	0	0	0	0	0	0
1	614686498	1	614686544	G/A	9	17	152	16	152	16	15	14	1	1	1	0	0	0.10526315789473684	0.0	0	0	0	0	0	0	0	0	0	0
1	614686498	1	614686545	C/T	9	17	152	16	152	16	15	12	3	1	0	0	1	0.10526315789473684	0.6666666666666666	0	0	0	0	0	0	0	0	0	0
1	614686498	1	614686546	G/T	9	17	152	16	152	16	15	14	1	1	1	0	0	0.10526315789473684	0.0	0	0	0	0	0	0	0	0	0	0
1	614686498	1	614686560	G/T	9	17	152	16	152	16	15	14	1	1	1	0	0	0.10526315789473684	0.0	0	0	0	0	0	0	0	0	0	0
1	701882750	-1	701882731	G/T	4	17	152	16	152	16	15	14	1	1	1	0	0	0.10526315789473684	0.0	0	0	0	0	0	0	0	0	0	0
1	701882750	-1	701882718	A/G	4	17	152	16	152	16	15	8	7	1	0	0	1	0.10526315789473684	0.6666666666666666	0	0	0	0	0	0	0	0	0	0
1	701882750	-1	701882699	T/A	4	17	152	16	152	16	15	8	7	1	0	0	1	0.10526315789473684	0.6666666666666666	0	0	0	0	0	0	0	0	0	0
1	701882750	-1	701882690	G/A	4	17	152	16	152	16	15	14	1	1	1	0	0	0.10526315789473684	0.0	0	0	0	0	0	0	0	0	0	0
